Initially...
  15   95   24   35   79   35   55   66   91   95   86   87 

  94   15   84   42   88   83   64   50   22   99   13   32 

  85   12   43   39   41   23   35   97   54   98   18   85 

  84   61   77   96   49   38   75   95   16   71   22   14 

  18   72   97   94   43   18   59   78   33   80   68   59 

  26   94   78   87   78   92   59   83   26   88   91   91 

  34   84   53   98   83   49   60   11   55   17   51   75 

  29   80   14   79   15   18   94   39   69   24   93   41 

  66   64   88   82   21   56   16   41   57   74   51   79 

  49   15   59   21   37   27   78   41   38   82   19   62 

  54   91   47   29   38   67   52   92   81   99   11   27 

  31   62   32   97   42   93   43   79   88   44   54   48 


-189 -137 -247 -282 -204 -334 -243 -216 -241 -216 -240  -44       ->     1   1   1   1   1   1   1   1   1   1   1   1 

-128 -437 -221 -391 -289 -337 -380 -434 -628 -378 -587 -257       ->     1   1   1   1   1   1   1   1   1   1   1   1 

-181 -531 -383 -481 -417 -450 -490 -314 -494 -217 -416  -14       ->     1   1   1   1   1   1   1   1   1   1   1   1 

-164 -427 -437 -387 -343 -305 -368 -352 -590 -318 -471 -238       ->     1   1   1   1   1   1   1   1   1   1   1   1 

-319 -463 -562 -511 -509 -475 -479 -368 -504 -335 -448 -227       ->     1   1   1   1   1   1   1   1   1   1   1   1 

-276 -368 -601 -537 -486 -357 -391 -298 -419 -333 -438 -253       ->     1   1   1   1   1   1   1   1   1   1   1   1 

-279 -324 -561 -389 -433 -450 -385 -474 -302 -480 -469 -292       ->     1   1   1   1   1   1   1   1   1   1   1   1 

-299 -352 -614 -375 -471 -376 -196 -364 -249 -443 -319 -308       ->     1   1   1   1   1   1   1   1   1   1   1   1 

-171 -336 -326 -252 -314 -250 -378 -391 -351 -359 -423 -187       ->     1   1   1   1   1   1   1   1   1   1   1   1 

-241 -503 -378 -380 -304 -338 -314 -414 -529 -348 -466 -125       ->     1   1   1   1   1   1   1   1   1   1   1   1 

-194 -258 -359 -344 -375 -343 -468 -408 -482 -318 -424 -167       ->     1   1   1   1   1   1   1   1   1   1   1   1 

-176 -193 -294  -91 -282 -149 -340 -277 -307 -289 -175  -44       ->     1   1   1   1   1   1   1   1   1   1   1   1 


-------------------
Iteration: 1
Chosen: 85
  Row: 3  Column: 12
Running total: 85

  15   95   24   35   79   35   55   66   91   95   86   87 

  94   15   84   42   88   83   64   50   22   99   13   32 

  85   12   43   39   41   23   35   97   54   98   18   85 

  84   61   77   96   49   38   75   95   16   71   22   14 

  18   72   97   94   43   18   59   78   33   80   68   59 

  26   94   78   87   78   92   59   83   26   88   91   91 

  34   84   53   98   83   49   60   11   55   17   51   75 

  29   80   14   79   15   18   94   39   69   24   93   41 

  66   64   88   82   21   56   16   41   57   74   51   79 

  49   15   59   21   37   27   78   41   38   82   19   62 

  54   91   47   29   38   67   52   92   81   99   11   27 

  31   62   32   97   42   93   43   79   88   44   54   48 


-189 -137 -247 -282 -204 -334 -243 -216 -241 -203 -195    1       ->     1   1   1   1   1   1   1   1   1   1   1   1 

-128 -437 -221 -391 -289 -337 -380 -434 -628 -347 -452 -141       ->     1   1   1   1   1   1   1   1   1   1   0   0 

-181 -531 -383 -481 -417 -450 -490 -314 -494 -164 -250   85       ->     1   1   1   1   1   1   1   1   1   1   0   0 

-164 -427 -437 -387 -343 -305 -368 -352 -590 -278 -354 -113       ->     1   1   1   1   1   1   1   1   1   1   0   0 

-319 -463 -562 -511 -509 -475 -479 -368 -504 -313 -412 -191       ->     1   1   1   1   1   1   1   1   1   1   1   1 

-276 -368 -601 -537 -486 -357 -391 -298 -419 -333 -438 -253       ->     1   1   1   1   1   1   1   1   1   1   1   1 

-279 -324 -561 -389 -433 -450 -385 -474 -302 -480 -469 -292       ->     1   1   1   1   1   1   1   1   1   1   1   1 

-299 -352 -614 -375 -471 -376 -196 -364 -249 -443 -319 -308       ->     1   1   1   1   1   1   1   1   1   1   1   1 

-171 -336 -326 -252 -314 -250 -378 -391 -351 -359 -423 -187       ->     1   1   1   1   1   1   1   1   1   1   1   1 

-241 -503 -378 -380 -304 -338 -314 -414 -529 -348 -466 -125       ->     1   1   1   1   1   1   1   1   1   1   1   1 

-194 -258 -359 -344 -375 -343 -468 -408 -482 -318 -424 -167       ->     1   1   1   1   1   1   1   1   1   1   1   1 

-176 -193 -294  -91 -282 -149 -340 -277 -307 -289 -175  -44       ->     1   1   1   1   1   1   1   1   1   1   1   1 

-------------------
Iteration: 2
Chosen: 87
  Row: 1  Column: 12
Running total: 172

  15   95   24   35   79   35   55   66   91   95   86   87 

  94   15   84   42   88   83   64   50   22   99   13   32 

  85   12   43   39   41   23   35   97   54   98   18   85 

  84   61   77   96   49   38   75   95   16   71   22   14 

  18   72   97   94   43   18   59   78   33   80   68   59 

  26   94   78   87   78   92   59   83   26   88   91   91 

  34   84   53   98   83   49   60   11   55   17   51   75 

  29   80   14   79   15   18   94   39   69   24   93   41 

  66   64   88   82   21   56   16   41   57   74   51   79 

  49   15   59   21   37   27   78   41   38   82   19   62 

  54   91   47   29   38   67   52   92   81   99   11   27 

  31   62   32   97   42   93   43   79   88   44   54   48 


-189 -137 -247 -282 -204 -334 -243 -216 -241 -117 -108   87       ->     1   1   1   1   1   1   1   1   1   1   0   0 

-128 -437 -221 -391 -289 -337 -380 -434 -628 -261 -292    0       ->     1   1   1   1   1   1   1   1   1   1   0   0 

-181 -531 -383 -481 -417 -450 -490 -314 -494 -164 -250   85       ->     1   1   1   1   1   1   1   1   1   1   0   0 

-164 -427 -437 -387 -343 -305 -368 -352 -590 -278 -354 -113       ->     1   1   1   1   1   1   1   1   1   1   0   0 

-319 -463 -562 -511 -509 -475 -479 -368 -504 -313 -412 -191       ->     1   1   1   1   1   1   1   1   1   1   1   1 

-276 -368 -601 -537 -486 -357 -391 -298 -419 -333 -438 -253       ->     1   1   1   1   1   1   1   1   1   1   1   1 

-279 -324 -561 -389 -433 -450 -385 -474 -302 -480 -469 -292       ->     1   1   1   1   1   1   1   1   1   1   1   1 

-299 -352 -614 -375 -471 -376 -196 -364 -249 -443 -319 -308       ->     1   1   1   1   1   1   1   1   1   1   1   1 

-171 -336 -326 -252 -314 -250 -378 -391 -351 -359 -423 -187       ->     1   1   1   1   1   1   1   1   1   1   1   1 

-241 -503 -378 -380 -304 -338 -314 -414 -529 -348 -466 -125       ->     1   1   1   1   1   1   1   1   1   1   1   1 

-194 -258 -359 -344 -375 -343 -468 -408 -482 -318 -424 -167       ->     1   1   1   1   1   1   1   1   1   1   1   1 

-176 -193 -294  -91 -282 -149 -340 -277 -307 -289 -175  -44       ->     1   1   1   1   1   1   1   1   1   1   1   1 

-------------------
Iteration: 3
Chosen: 48
  Row: 12  Column: 12
Running total: 220

  15   95   24   35   79   35   55   66   91   95   86   87 

  94   15   84   42   88   83   64   50   22   99   13   32 

  85   12   43   39   41   23   35   97   54   98   18   85 

  84   61   77   96   49   38   75   95   16   71   22   14 

  18   72   97   94   43   18   59   78   33   80   68   59 

  26   94   78   87   78   92   59   83   26   88   91   91 

  34   84   53   98   83   49   60   11   55   17   51   75 

  29   80   14   79   15   18   94   39   69   24   93   41 

  66   64   88   82   21   56   16   41   57   74   51   79 

  49   15   59   21   37   27   78   41   38   82   19   62 

  54   91   47   29   38   67   52   92   81   99   11   27 

  31   62   32   97   42   93   43   79   88   44   54   48 


-189 -137 -247 -282 -204 -334 -243 -216 -241 -117 -108   87       ->     1   1   1   1   1   1   1   1   1   1   0   0 

-128 -437 -221 -391 -289 -337 -380 -434 -628 -261 -292    0       ->     1   1   1   1   1   1   1   1   1   1   0   0 

-181 -531 -383 -481 -417 -450 -490 -314 -494 -164 -250   85       ->     1   1   1   1   1   1   1   1   1   1   0   0 

-164 -427 -437 -387 -343 -305 -368 -352 -590 -278 -354 -113       ->     1   1   1   1   1   1   1   1   1   1   0   0 

-319 -463 -562 -511 -509 -475 -479 -368 -504 -313 -412 -191       ->     1   1   1   1   1   1   1   1   1   1   1   1 

-276 -368 -601 -537 -486 -357 -391 -298 -419 -333 -438 -253       ->     1   1   1   1   1   1   1   1   1   1   1   1 

-279 -324 -561 -389 -433 -450 -385 -474 -302 -480 -469 -292       ->     1   1   1   1   1   1   1   1   1   1   1   1 

-299 -352 -614 -375 -471 -376 -196 -364 -249 -443 -319 -308       ->     1   1   1   1   1   1   1   1   1   1   1   1 

-171 -336 -326 -252 -314 -250 -378 -391 -351 -359 -423 -187       ->     1   1   1   1   1   1   1   1   1   1   1   1 

-241 -503 -378 -380 -304 -338 -314 -414 -529 -337 -428  -87       ->     1   1   1   1   1   1   1   1   1   1   1   1 

-194 -258 -359 -344 -375 -343 -468 -408 -482 -253 -295  -54       ->     1   1   1   1   1   1   1   1   1   1   0   0 

-176 -193 -294  -91 -282 -149 -340 -277 -307 -224  -89   48       ->     1   1   1   1   1   1   1   1   1   1   0   0 

-------------------
Iteration: 4
Chosen: 62
  Row: 10  Column: 12
Running total: 282

  15   95   24   35   79   35   55   66   91   95   86   87 

  94   15   84   42   88   83   64   50   22   99   13   32 

  85   12   43   39   41   23   35   97   54   98   18   85 

  84   61   77   96   49   38   75   95   16   71   22   14 

  18   72   97   94   43   18   59   78   33   80   68   59 

  26   94   78   87   78   92   59   83   26   88   91   91 

  34   84   53   98   83   49   60   11   55   17   51   75 

  29   80   14   79   15   18   94   39   69   24   93   41 

  66   64   88   82   21   56   16   41   57   74   51   79 

  49   15   59   21   37   27   78   41   38   82   19   62 

  54   91   47   29   38   67   52   92   81   99   11   27 

  31   62   32   97   42   93   43   79   88   44   54   48 


-189 -137 -247 -282 -204 -334 -243 -216 -241 -117 -108   87       ->     1   1   1   1   1   1   1   1   1   1   0   0 

-128 -437 -221 -391 -289 -337 -380 -434 -628 -261 -292    0       ->     1   1   1   1   1   1   1   1   1   1   0   0 

-181 -531 -383 -481 -417 -450 -490 -314 -494 -164 -250   85       ->     1   1   1   1   1   1   1   1   1   1   0   0 

-164 -427 -437 -387 -343 -305 -368 -352 -590 -278 -354 -113       ->     1   1   1   1   1   1   1   1   1   1   0   0 

-319 -463 -562 -511 -509 -475 -479 -368 -504 -313 -412 -191       ->     1   1   1   1   1   1   1   1   1   1   1   1 

-276 -368 -601 -537 -486 -357 -391 -298 -419 -333 -438 -253       ->     1   1   1   1   1   1   1   1   1   1   1   1 

-279 -324 -561 -389 -433 -450 -385 -474 -302 -480 -469 -292       ->     1   1   1   1   1   1   1   1   1   1   1   1 

-299 -352 -614 -375 -471 -376 -196 -364 -249 -392 -189 -178       ->     1   1   1   1   1   1   1   1   1   1   1   1 

-171 -336 -326 -252 -314 -250 -378 -391 -351 -289 -263  -55       ->     1   1   1   1   1   1   1   1   1   1   0   0 

-241 -503 -378 -380 -304 -338 -314 -414 -529 -267 -236   62       ->     1   1   1   1   1   1   1   1   1   1   0   0 

-194 -258 -359 -344 -375 -343 -468 -408 -482 -234 -225    0       ->     1   1   1   1   1   1   1   1   1   1   0   0 

-176 -193 -294  -91 -282 -149 -340 -277 -307 -224  -89   48       ->     1   1   1   1   1   1   1   1   1   1   0   0 

-------------------
Iteration: 5
Chosen: 97
  Row: 12  Column: 4
Running total: 379

  15   95   24   35   79   35   55   66   91   95   86   87 

  94   15   84   42   88   83   64   50   22   99   13   32 

  85   12   43   39   41   23   35   97   54   98   18   85 

  84   61   77   96   49   38   75   95   16   71   22   14 

  18   72   97   94   43   18   59   78   33   80   68   59 

  26   94   78   87   78   92   59   83   26   88   91   91 

  34   84   53   98   83   49   60   11   55   17   51   75 

  29   80   14   79   15   18   94   39   69   24   93   41 

  66   64   88   82   21   56   16   41   57   74   51   79 

  49   15   59   21   37   27   78   41   38   82   19   62 

  54   91   47   29   38   67   52   92   81   99   11   27 

  31   62   32   97   42   93   43   79   88   44   54   48 


-189 -137 -247 -282 -204 -334 -243 -216 -241 -117 -108   87       ->     1   1   1   1   1   1   1   1   1   1   0   0 

-128 -437 -221 -391 -289 -337 -380 -434 -628 -261 -292    0       ->     1   1   1   1   1   1   1   1   1   1   0   0 

-181 -531 -383 -481 -417 -450 -490 -314 -494 -164 -250   85       ->     1   1   1   1   1   1   1   1   1   1   0   0 

-164 -427 -437 -387 -343 -305 -368 -352 -590 -278 -354 -113       ->     1   1   1   1   1   1   1   1   1   1   0   0 

-319 -463 -562 -511 -509 -475 -479 -368 -504 -313 -412 -191       ->     1   1   1   1   1   1   1   1   1   1   1   1 

-276 -368 -601 -537 -486 -357 -391 -298 -419 -333 -438 -253       ->     1   1   1   1   1   1   1   1   1   1   1   1 

-279 -324 -561 -389 -433 -450 -385 -474 -302 -480 -469 -292       ->     1   1   1   1   1   1   1   1   1   1   1   1 

-299 -352 -614 -375 -471 -376 -196 -364 -249 -392 -189 -178       ->     1   1   1   1   1   1   1   1   1   1   1   1 

-171 -336 -326 -252 -314 -250 -378 -391 -351 -289 -263  -55       ->     1   1   1   1   1   1   1   1   1   1   0   0 

-241 -456 -302 -266 -237 -300 -314 -414 -529 -267 -236   62       ->     1   1   1   1   1   1   1   1   1   1   0   0 

-194 -179 -201  -88 -207 -263 -468 -408 -482 -234 -225    0       ->     1   1   0   0   0   1   1   1   1   1   0   0 

-176 -114 -121   97 -118  -69 -340 -277 -307 -224  -89   48       ->     1   1   0   0   0   1   1   1   1   1   0   0 

-------------------
Iteration: 6
Chosen: 93
  Row: 12  Column: 6
Running total: 472

  15   95   24   35   79   35   55   66   91   95   86   87 

  94   15   84   42   88   83   64   50   22   99   13   32 

  85   12   43   39   41   23   35   97   54   98   18   85 

  84   61   77   96   49   38   75   95   16   71   22   14 

  18   72   97   94   43   18   59   78   33   80   68   59 

  26   94   78   87   78   92   59   83   26   88   91   91 

  34   84   53   98   83   49   60   11   55   17   51   75 

  29   80   14   79   15   18   94   39   69   24   93   41 

  66   64   88   82   21   56   16   41   57   74   51   79 

  49   15   59   21   37   27   78   41   38   82   19   62 

  54   91   47   29   38   67   52   92   81   99   11   27 

  31   62   32   97   42   93   43   79   88   44   54   48 


-189 -137 -247 -282 -204 -334 -243 -216 -241 -117 -108   87       ->     1   1   1   1   1   1   1   1   1   1   0   0 

-128 -437 -221 -391 -289 -337 -380 -434 -628 -261 -292    0       ->     1   1   1   1   1   1   1   1   1   1   0   0 

-181 -531 -383 -481 -417 -450 -490 -314 -494 -164 -250   85       ->     1   1   1   1   1   1   1   1   1   1   0   0 

-164 -427 -437 -387 -343 -305 -368 -352 -590 -278 -354 -113       ->     1   1   1   1   1   1   1   1   1   1   0   0 

-319 -463 -562 -511 -509 -475 -479 -368 -504 -313 -412 -191       ->     1   1   1   1   1   1   1   1   1   1   1   1 

-276 -368 -601 -537 -486 -357 -391 -298 -419 -333 -438 -253       ->     1   1   1   1   1   1   1   1   1   1   1   1 

-279 -324 -561 -389 -433 -450 -385 -474 -302 -480 -469 -292       ->     1   1   1   1   1   1   1   1   1   1   1   1 

-299 -352 -614 -375 -471 -376 -196 -364 -249 -392 -189 -178       ->     1   1   1   1   1   1   1   1   1   1   1   1 

-171 -336 -326 -252 -314 -250 -378 -391 -351 -289 -263  -55       ->     1   1   1   1   1   1   1   1   1   1   0   0 

-241 -456 -302 -266 -170 -181 -195 -362 -529 -267 -236   62       ->     1   1   1   1   1   1   1   1   1   1   0   0 

-194 -179 -201  -88  -85  -75 -265 -313 -482 -234 -225    0       ->     1   1   0   0   0   0   0   1   1   1   0   0 

-176 -114 -121   97    0   93 -128 -182 -307 -224  -89   48       ->     1   1   0   0   0   0   0   1   1   1   0   0 

-------------------
Iteration: 7
Chosen: 62
  Row: 12  Column: 2
Running total: 534

  15   95   24   35   79   35   55   66   91   95   86   87 

  94   15   84   42   88   83   64   50   22   99   13   32 

  85   12   43   39   41   23   35   97   54   98   18   85 

  84   61   77   96   49   38   75   95   16   71   22   14 

  18   72   97   94   43   18   59   78   33   80   68   59 

  26   94   78   87   78   92   59   83   26   88   91   91 

  34   84   53   98   83   49   60   11   55   17   51   75 

  29   80   14   79   15   18   94   39   69   24   93   41 

  66   64   88   82   21   56   16   41   57   74   51   79 

  49   15   59   21   37   27   78   41   38   82   19   62 

  54   91   47   29   38   67   52   92   81   99   11   27 

  31   62   32   97   42   93   43   79   88   44   54   48 


-189 -137 -247 -282 -204 -334 -243 -216 -241 -117 -108   87       ->     1   1   1   1   1   1   1   1   1   1   0   0 

-128 -437 -221 -391 -289 -337 -380 -434 -628 -261 -292    0       ->     1   1   1   1   1   1   1   1   1   1   0   0 

-181 -531 -383 -481 -417 -450 -490 -314 -494 -164 -250   85       ->     1   1   1   1   1   1   1   1   1   1   0   0 

-164 -427 -437 -387 -343 -305 -368 -352 -590 -278 -354 -113       ->     1   1   1   1   1   1   1   1   1   1   0   0 

-319 -463 -562 -511 -509 -475 -479 -368 -504 -313 -412 -191       ->     1   1   1   1   1   1   1   1   1   1   1   1 

-276 -368 -601 -537 -486 -357 -391 -298 -419 -333 -438 -253       ->     1   1   1   1   1   1   1   1   1   1   1   1 

-279 -324 -561 -389 -433 -450 -385 -474 -302 -480 -469 -292       ->     1   1   1   1   1   1   1   1   1   1   1   1 

-299 -352 -614 -375 -471 -376 -196 -364 -249 -392 -189 -178       ->     1   1   1   1   1   1   1   1   1   1   1   1 

-171 -336 -326 -252 -314 -250 -378 -391 -351 -289 -263  -55       ->     1   1   1   1   1   1   1   1   1   1   0   0 

 -96 -311 -211 -266 -170 -181 -195 -362 -529 -267 -236   62       ->     1   1   1   1   1   1   1   1   1   1   0   0 

 -10  -32  -95  -88  -85  -75 -265 -313 -482 -234 -225    0       ->     0   0   0   0   0   0   0   1   1   1   0   0 

  31   62    0   97    0   93 -128 -182 -307 -224  -89   48       ->     0   0   0   0   0   0   0   1   1   1   0   0 

-------------------
Iteration: 8
Chosen: 49
  Row: 10  Column: 1
Running total: 583

  15   95   24   35   79   35   55   66   91   95   86   87 

  94   15   84   42   88   83   64   50   22   99   13   32 

  85   12   43   39   41   23   35   97   54   98   18   85 

  84   61   77   96   49   38   75   95   16   71   22   14 

  18   72   97   94   43   18   59   78   33   80   68   59 

  26   94   78   87   78   92   59   83   26   88   91   91 

  34   84   53   98   83   49   60   11   55   17   51   75 

  29   80   14   79   15   18   94   39   69   24   93   41 

  66   64   88   82   21   56   16   41   57   74   51   79 

  49   15   59   21   37   27   78   41   38   82   19   62 

  54   91   47   29   38   67   52   92   81   99   11   27 

  31   62   32   97   42   93   43   79   88   44   54   48 


-189 -137 -247 -282 -204 -334 -243 -216 -241 -117 -108   87       ->     1   1   1   1   1   1   1   1   1   1   0   0 

-128 -437 -221 -391 -289 -337 -380 -434 -628 -261 -292    0       ->     1   1   1   1   1   1   1   1   1   1   0   0 

-181 -531 -383 -481 -417 -450 -490 -314 -494 -164 -250   85       ->     1   1   1   1   1   1   1   1   1   1   0   0 

-164 -427 -437 -387 -343 -305 -368 -352 -590 -278 -354 -113       ->     1   1   1   1   1   1   1   1   1   1   0   0 

-319 -463 -562 -511 -509 -475 -479 -368 -504 -313 -412 -191       ->     1   1   1   1   1   1   1   1   1   1   1   1 

-276 -368 -601 -537 -486 -357 -391 -298 -419 -333 -438 -253       ->     1   1   1   1   1   1   1   1   1   1   1   1 

-279 -324 -561 -389 -433 -450 -385 -474 -302 -480 -469 -292       ->     1   1   1   1   1   1   1   1   1   1   1   1 

-169 -222 -550 -375 -471 -376 -196 -364 -249 -392 -189 -178       ->     1   1   1   1   1   1   1   1   1   1   1   1 

 -43 -206 -247 -252 -314 -250 -378 -391 -351 -289 -263  -55       ->     0   0   1   1   1   1   1   1   1   1   0   0 

  49 -132 -132 -266 -170 -181 -195 -362 -529 -267 -236   62       ->     0   0   1   1   1   1   1   1   1   1   0   0 

   0  -59  -80  -88  -85  -75 -265 -313 -482 -234 -225    0       ->     0   0   0   0   0   0   0   1   1   1   0   0 

  31   62    0   97    0   93 -128 -182 -307 -224  -89   48       ->     0   0   0   0   0   0   0   1   1   1   0   0 

-------------------
Iteration: 9
Chosen: 95
  Row: 1  Column: 10
Running total: 678

  15   95   24   35   79   35   55   66   91   95   86   87 

  94   15   84   42   88   83   64   50   22   99   13   32 

  85   12   43   39   41   23   35   97   54   98   18   85 

  84   61   77   96   49   38   75   95   16   71   22   14 

  18   72   97   94   43   18   59   78   33   80   68   59 

  26   94   78   87   78   92   59   83   26   88   91   91 

  34   84   53   98   83   49   60   11   55   17   51   75 

  29   80   14   79   15   18   94   39   69   24   93   41 

  66   64   88   82   21   56   16   41   57   74   51   79 

  49   15   59   21   37   27   78   41   38   82   19   62 

  54   91   47   29   38   67   52   92   81   99   11   27 

  31   62   32   97   42   93   43   79   88   44   54   48 


-189 -137 -247 -282 -204 -334 -243 -103  -25   95    0   87       ->     1   1   1   1   1   1   1   1   0   0   0   0 

-128 -437 -221 -391 -289 -337 -380 -321 -343  -53 -111    0       ->     1   1   1   1   1   1   1   1   0   0   0   0 

-181 -531 -383 -481 -417 -450 -490 -292 -373  -43 -151   85       ->     1   1   1   1   1   1   1   1   1   1   0   0 

-164 -427 -437 -387 -343 -305 -368 -352 -590 -278 -354 -113       ->     1   1   1   1   1   1   1   1   1   1   0   0 

-319 -463 -562 -511 -509 -475 -479 -368 -504 -313 -412 -191       ->     1   1   1   1   1   1   1   1   1   1   1   1 

-276 -368 -601 -537 -486 -357 -391 -298 -419 -333 -438 -253       ->     1   1   1   1   1   1   1   1   1   1   1   1 

-279 -324 -561 -389 -433 -450 -385 -474 -302 -480 -469 -292       ->     1   1   1   1   1   1   1   1   1   1   1   1 

-169 -222 -550 -375 -471 -376 -196 -364 -249 -392 -189 -178       ->     1   1   1   1   1   1   1   1   1   1   1   1 

 -43 -206 -247 -252 -314 -250 -378 -391 -351 -289 -263  -55       ->     0   0   1   1   1   1   1   1   1   1   0   0 

  49 -132 -132 -266 -170 -181 -195 -362 -529 -267 -236   62       ->     0   0   1   1   1   1   1   1   1   1   0   0 

   0  -59  -80  -88  -85  -75 -265 -313 -482 -234 -225    0       ->     0   0   0   0   0   0   0   1   1   1   0   0 

  31   62    0   97    0   93 -128 -182 -307 -224  -89   48       ->     0   0   0   0   0   0   0   1   1   1   0   0 

-------------------
Iteration: 10
Chosen: 98
  Row: 3  Column: 10
Running total: 776

  15   95   24   35   79   35   55   66   91   95   86   87 

  94   15   84   42   88   83   64   50   22   99   13   32 

  85   12   43   39   41   23   35   97   54   98   18   85 

  84   61   77   96   49   38   75   95   16   71   22   14 

  18   72   97   94   43   18   59   78   33   80   68   59 

  26   94   78   87   78   92   59   83   26   88   91   91 

  34   84   53   98   83   49   60   11   55   17   51   75 

  29   80   14   79   15   18   94   39   69   24   93   41 

  66   64   88   82   21   56   16   41   57   74   51   79 

  49   15   59   21   37   27   78   41   38   82   19   62 

  54   91   47   29   38   67   52   92   81   99   11   27 

  31   62   32   97   42   93   43   79   88   44   54   48 


-189 -137 -247 -282 -204 -334 -243 -103  -25   95    0   87       ->     1   1   1   1   1   1   1   1   0   0   0   0 

-128 -437 -221 -391 -289 -337 -380 -267 -213    0  -26    0       ->     1   1   1   1   1   1   1   1   0   0   0   0 

-181 -531 -383 -481 -417 -450 -490 -222 -188   98    0   85       ->     1   1   1   1   1   1   1   1   0   0   0   0 

-164 -427 -437 -387 -343 -305 -368 -282 -367 -110 -207 -113       ->     1   1   1   1   1   1   1   1   0   0   0   0 

-319 -463 -562 -511 -509 -475 -479 -352 -417 -226 -341 -191       ->     1   1   1   1   1   1   1   1   1   1   1   1 

-276 -368 -601 -537 -486 -357 -391 -298 -419 -333 -438 -253       ->     1   1   1   1   1   1   1   1   1   1   1   1 

-279 -324 -561 -389 -433 -450 -385 -474 -302 -480 -469 -292       ->     1   1   1   1   1   1   1   1   1   1   1   1 

-169 -222 -550 -375 -471 -376 -196 -364 -249 -392 -189 -178       ->     1   1   1   1   1   1   1   1   1   1   1   1 

 -43 -206 -247 -252 -314 -250 -378 -391 -351 -289 -263  -55       ->     0   0   1   1   1   1   1   1   1   1   0   0 

  49 -132 -132 -266 -170 -181 -195 -362 -529 -267 -236   62       ->     0   0   1   1   1   1   1   1   1   1   0   0 

   0  -59  -80  -88  -85  -75 -265 -313 -482 -234 -225    0       ->     0   0   0   0   0   0   0   1   1   1   0   0 

  31   62    0   97    0   93 -128 -182 -307 -224  -89   48       ->     0   0   0   0   0   0   0   1   1   1   0   0 

-------------------
Iteration: 11
Chosen: 66
  Row: 1  Column: 8
Running total: 842

  15   95   24   35   79   35   55   66   91   95   86   87 

  94   15   84   42   88   83   64   50   22   99   13   32 

  85   12   43   39   41   23   35   97   54   98   18   85 

  84   61   77   96   49   38   75   95   16   71   22   14 

  18   72   97   94   43   18   59   78   33   80   68   59 

  26   94   78   87   78   92   59   83   26   88   91   91 

  34   84   53   98   83   49   60   11   55   17   51   75 

  29   80   14   79   15   18   94   39   69   24   93   41 

  66   64   88   82   21   56   16   41   57   74   51   79 

  49   15   59   21   37   27   78   41   38   82   19   62 

  54   91   47   29   38   67   52   92   81   99   11   27 

  31   62   32   97   42   93   43   79   88   44   54   48 


-189 -137 -247 -282 -204 -215  -63   66    0   95    0   87       ->     1   1   1   1   1   1   0   0   0   0   0   0 

-128 -437 -221 -391 -289 -218 -209  -82 -119    0  -26    0       ->     1   1   1   1   1   1   0   0   0   0   0   0 

-181 -531 -383 -481 -417 -386 -376 -108 -138   98    0   85       ->     1   1   1   1   1   1   1   1   0   0   0   0 

-164 -427 -437 -387 -343 -305 -368 -282 -367 -110 -207 -113       ->     1   1   1   1   1   1   1   1   0   0   0   0 

-319 -463 -562 -511 -509 -475 -479 -352 -417 -226 -341 -191       ->     1   1   1   1   1   1   1   1   1   1   1   1 

-276 -368 -601 -537 -486 -357 -391 -298 -419 -333 -438 -253       ->     1   1   1   1   1   1   1   1   1   1   1   1 

-279 -324 -561 -389 -433 -450 -385 -474 -302 -480 -469 -292       ->     1   1   1   1   1   1   1   1   1   1   1   1 

-169 -222 -550 -375 -471 -376 -196 -364 -249 -392 -189 -178       ->     1   1   1   1   1   1   1   1   1   1   1   1 

 -43 -206 -247 -252 -314 -250 -378 -391 -351 -289 -263  -55       ->     0   0   1   1   1   1   1   1   1   1   0   0 

  49 -132 -132 -266 -170 -181 -195 -362 -529 -267 -236   62       ->     0   0   1   1   1   1   1   1   1   1   0   0 

   0  -59  -80  -88  -85  -75 -265 -313 -482 -234 -225    0       ->     0   0   0   0   0   0   0   1   1   1   0   0 

  31   62    0   97    0   93 -128 -182 -307 -224  -89   48       ->     0   0   0   0   0   0   0   1   1   1   0   0 

-------------------
Iteration: 12
Chosen: 97
  Row: 3  Column: 8
Running total: 939

  15   95   24   35   79   35   55   66   91   95   86   87 

  94   15   84   42   88   83   64   50   22   99   13   32 

  85   12   43   39   41   23   35   97   54   98   18   85 

  84   61   77   96   49   38   75   95   16   71   22   14 

  18   72   97   94   43   18   59   78   33   80   68   59 

  26   94   78   87   78   92   59   83   26   88   91   91 

  34   84   53   98   83   49   60   11   55   17   51   75 

  29   80   14   79   15   18   94   39   69   24   93   41 

  66   64   88   82   21   56   16   41   57   74   51   79 

  49   15   59   21   37   27   78   41   38   82   19   62 

  54   91   47   29   38   67   52   92   81   99   11   27 

  31   62   32   97   42   93   43   79   88   44   54   48 


-189 -137 -247 -282 -204 -215  -63   66    0   95    0   87       ->     1   1   1   1   1   1   0   0   0   0   0   0 

-128 -437 -221 -391 -289 -183 -141    0  -44    0  -26    0       ->     1   1   1   1   1   1   0   0   0   0   0   0 

-181 -531 -383 -481 -417 -276 -109   97    0   98    0   85       ->     1   1   1   1   1   1   0   0   0   0   0   0 

-164 -427 -437 -387 -343 -195 -141  -75 -191 -110 -207 -113       ->     1   1   1   1   1   1   0   0   0   0   0   0 

-319 -463 -562 -511 -509 -400 -309 -182 -322 -226 -341 -191       ->     1   1   1   1   1   1   1   1   1   1   1   1 

-276 -368 -601 -537 -486 -357 -391 -298 -419 -333 -438 -253       ->     1   1   1   1   1   1   1   1   1   1   1   1 

-279 -324 -561 -389 -433 -450 -385 -474 -302 -480 -469 -292       ->     1   1   1   1   1   1   1   1   1   1   1   1 

-169 -222 -550 -375 -471 -376 -196 -364 -249 -392 -189 -178       ->     1   1   1   1   1   1   1   1   1   1   1   1 

 -43 -206 -247 -252 -314 -250 -378 -391 -351 -289 -263  -55       ->     0   0   1   1   1   1   1   1   1   1   0   0 

  49 -132 -132 -266 -170 -181 -195 -362 -529 -267 -236   62       ->     0   0   1   1   1   1   1   1   1   1   0   0 

   0  -59  -80  -88  -85  -75 -265 -313 -482 -234 -225    0       ->     0   0   0   0   0   0   0   1   1   1   0   0 

  31   62    0   97    0   93 -128 -182 -307 -224  -89   48       ->     0   0   0   0   0   0   0   1   1   1   0   0 

-------------------
Iteration: 13
Chosen: 94
  Row: 2  Column: 1
Running total: 1033

  15   95   24   35   79   35   55   66   91   95   86   87 

  94   15   84   42   88   83   64   50   22   99   13   32 

  85   12   43   39   41   23   35   97   54   98   18   85 

  84   61   77   96   49   38   75   95   16   71   22   14 

  18   72   97   94   43   18   59   78   33   80   68   59 

  26   94   78   87   78   92   59   83   26   88   91   91 

  34   84   53   98   83   49   60   11   55   17   51   75 

  29   80   14   79   15   18   94   39   69   24   93   41 

  66   64   88   82   21   56   16   41   57   74   51   79 

  49   15   59   21   37   27   78   41   38   82   19   62 

  54   91   47   29   38   67   52   92   81   99   11   27 

  31   62   32   97   42   93   43   79   88   44   54   48 


  15  -13 -137 -282 -204 -215  -63   66    0   95    0   87       ->     0   0   1   1   1   1   0   0   0   0   0   0 

  94 -136  -99 -391 -289 -183 -141    0  -44    0  -26    0       ->     0   0   1   1   1   1   0   0   0   0   0   0 

 -60 -337 -356 -481 -417 -276 -109   97    0   98    0   85       ->     0   0   1   1   1   1   0   0   0   0   0   0 

 -67 -330 -425 -387 -343 -195 -141  -75 -191 -110 -207 -113       ->     1   1   1   1   1   1   0   0   0   0   0   0 

-319 -463 -562 -511 -509 -400 -309 -182 -322 -226 -341 -191       ->     1   1   1   1   1   1   1   1   1   1   1   1 

-276 -368 -601 -537 -486 -357 -391 -298 -419 -333 -438 -253       ->     1   1   1   1   1   1   1   1   1   1   1   1 

-279 -324 -561 -389 -433 -450 -385 -474 -302 -480 -469 -292       ->     1   1   1   1   1   1   1   1   1   1   1   1 

-169 -222 -550 -375 -471 -376 -196 -364 -249 -392 -189 -178       ->     1   1   1   1   1   1   1   1   1   1   1   1 

 -43 -206 -247 -252 -314 -250 -378 -391 -351 -289 -263  -55       ->     0   0   1   1   1   1   1   1   1   1   0   0 

  49 -132 -132 -266 -170 -181 -195 -362 -529 -267 -236   62       ->     0   0   1   1   1   1   1   1   1   1   0   0 

   0  -59  -80  -88  -85  -75 -265 -313 -482 -234 -225    0       ->     0   0   0   0   0   0   0   1   1   1   0   0 

  31   62    0   97    0   93 -128 -182 -307 -224  -89   48       ->     0   0   0   0   0   0   0   1   1   1   0   0 

-------------------
Iteration: 14
Chosen: 84
  Row: 4  Column: 1
Running total: 1117

  15   95   24   35   79   35   55   66   91   95   86   87 

  94   15   84   42   88   83   64   50   22   99   13   32 

  85   12   43   39   41   23   35   97   54   98   18   85 

  84   61   77   96   49   38   75   95   16   71   22   14 

  18   72   97   94   43   18   59   78   33   80   68   59 

  26   94   78   87   78   92   59   83   26   88   91   91 

  34   84   53   98   83   49   60   11   55   17   51   75 

  29   80   14   79   15   18   94   39   69   24   93   41 

  66   64   88   82   21   56   16   41   57   74   51   79 

  49   15   59   21   37   27   78   41   38   82   19   62 

  54   91   47   29   38   67   52   92   81   99   11   27 

  31   62   32   97   42   93   43   79   88   44   54   48 


  15  -13 -137 -282 -204 -215  -63   66    0   95    0   87       ->     0   0   1   1   1   1   0   0   0   0   0   0 

  94 -136  -99 -391 -289 -183 -141    0  -44    0  -26    0       ->     0   0   1   1   1   1   0   0   0   0   0   0 

   0 -204 -295 -481 -417 -276 -109   97    0   98    0   85       ->     0   0   1   1   1   1   0   0   0   0   0   0 

  84 -156 -292 -387 -343 -195 -141  -75 -191 -110 -207 -113       ->     0   0   1   1   1   1   0   0   0   0   0   0 

-102 -300 -429 -511 -509 -400 -309 -182 -322 -226 -341 -191       ->     0   0   1   1   1   1   1   1   1   1   1   1 

-186 -278 -529 -537 -486 -357 -391 -298 -419 -333 -438 -253       ->     1   1   1   1   1   1   1   1   1   1   1   1 

-279 -324 -561 -389 -433 -450 -385 -474 -302 -480 -469 -292       ->     1   1   1   1   1   1   1   1   1   1   1   1 

-169 -222 -550 -375 -471 -376 -196 -364 -249 -392 -189 -178       ->     1   1   1   1   1   1   1   1   1   1   1   1 

 -43 -206 -247 -252 -314 -250 -378 -391 -351 -289 -263  -55       ->     0   0   1   1   1   1   1   1   1   1   0   0 

  49 -132 -132 -266 -170 -181 -195 -362 -529 -267 -236   62       ->     0   0   1   1   1   1   1   1   1   1   0   0 

   0  -59  -80  -88  -85  -75 -265 -313 -482 -234 -225    0       ->     0   0   0   0   0   0   0   1   1   1   0   0 

  31   62    0   97    0   93 -128 -182 -307 -224  -89   48       ->     0   0   0   0   0   0   0   1   1   1   0   0 

-------------------
Iteration: 15
Chosen: 84
  Row: 2  Column: 3
Running total: 1201

  15   95   24   35   79   35   55   66   91   95   86   87 

  94   15   84   42   88   83   64   50   22   99   13   32 

  85   12   43   39   41   23   35   97   54   98   18   85 

  84   61   77   96   49   38   75   95   16   71   22   14 

  18   72   97   94   43   18   59   78   33   80   68   59 

  26   94   78   87   78   92   59   83   26   88   91   91 

  34   84   53   98   83   49   60   11   55   17   51   75 

  29   80   14   79   15   18   94   39   69   24   93   41 

  66   64   88   82   21   56   16   41   57   74   51   79 

  49   15   59   21   37   27   78   41   38   82   19   62 

  54   91   47   29   38   67   52   92   81   99   11   27 

  31   62   32   97   42   93   43   79   88   44   54   48 


  15    0   24 -132 -127 -215  -63   66    0   95    0   87       ->     0   0   0   0   1   1   0   0   0   0   0   0 

  94    0   84 -166 -173 -183 -141    0  -44    0  -26    0       ->     0   0   0   0   1   1   0   0   0   0   0   0 

   0  -89 -130 -312 -336 -276 -109   97    0   98    0   85       ->     0   0   0   0   1   1   0   0   0   0   0   0 

  84 -113 -210 -305 -304 -195 -141  -75 -191 -110 -207 -113       ->     0   0   1   1   1   1   0   0   0   0   0   0 

-102 -300 -429 -511 -509 -400 -309 -182 -322 -226 -341 -191       ->     0   0   1   1   1   1   1   1   1   1   1   1 

-186 -278 -529 -537 -486 -357 -391 -298 -419 -333 -438 -253       ->     1   1   1   1   1   1   1   1   1   1   1   1 

-279 -324 -561 -389 -433 -450 -385 -474 -302 -480 -469 -292       ->     1   1   1   1   1   1   1   1   1   1   1   1 

-169 -222 -550 -375 -471 -376 -196 -364 -249 -392 -189 -178       ->     1   1   1   1   1   1   1   1   1   1   1   1 

 -43 -206 -247 -252 -314 -250 -378 -391 -351 -289 -263  -55       ->     0   0   1   1   1   1   1   1   1   1   0   0 

  49 -132 -132 -266 -170 -181 -195 -362 -529 -267 -236   62       ->     0   0   1   1   1   1   1   1   1   1   0   0 

   0  -59  -80  -88  -85  -75 -265 -313 -482 -234 -225    0       ->     0   0   0   0   0   0   0   1   1   1   0   0 

  31   62    0   97    0   93 -128 -182 -307 -224  -89   48       ->     0   0   0   0   0   0   0   1   1   1   0   0 

-------------------
Iteration: 16
Chosen: 79
  Row: 1  Column: 5
Running total: 1280

  15   95   24   35   79   35   55   66   91   95   86   87 

  94   15   84   42   88   83   64   50   22   99   13   32 

  85   12   43   39   41   23   35   97   54   98   18   85 

  84   61   77   96   49   38   75   95   16   71   22   14 

  18   72   97   94   43   18   59   78   33   80   68   59 

  26   94   78   87   78   92   59   83   26   88   91   91 

  34   84   53   98   83   49   60   11   55   17   51   75 

  29   80   14   79   15   18   94   39   69   24   93   41 

  66   64   88   82   21   56   16   41   57   74   51   79 

  49   15   59   21   37   27   78   41   38   82   19   62 

  54   91   47   29   38   67   52   92   81   99   11   27 

  31   62   32   97   42   93   43   79   88   44   54   48 


  15    0   24    0   79   35   55   66    0   95    0   87       ->     0   0   0   0   0   0   0   0   0   0   0   0 

  94    0   84  -41   24   19  -23    0  -44    0  -26    0       ->     0   0   0   0   0   0   0   0   0   0   0   0 

   0  -89 -130 -224 -165 -105  -26   97    0   98    0   85       ->     0   0   0   0   1   1   0   0   0   0   0   0 

  84 -113 -210 -305 -304 -195 -141  -75 -191 -110 -207 -113       ->     0   0   1   1   1   1   0   0   0   0   0   0 

-102 -300 -429 -511 -509 -400 -309 -182 -322 -226 -341 -191       ->     0   0   1   1   1   1   1   1   1   1   1   1 

-186 -278 -529 -537 -486 -357 -391 -298 -419 -333 -438 -253       ->     1   1   1   1   1   1   1   1   1   1   1   1 

-279 -324 -561 -389 -433 -450 -385 -474 -302 -480 -469 -292       ->     1   1   1   1   1   1   1   1   1   1   1   1 

-169 -222 -550 -375 -471 -376 -196 -364 -249 -392 -189 -178       ->     1   1   1   1   1   1   1   1   1   1   1   1 

 -43 -206 -247 -252 -314 -250 -378 -391 -351 -289 -263  -55       ->     0   0   1   1   1   1   1   1   1   1   0   0 

  49 -132 -132 -266 -170 -181 -195 -362 -529 -267 -236   62       ->     0   0   1   1   1   1   1   1   1   1   0   0 

   0  -59  -80  -88  -85  -75 -265 -313 -482 -234 -225    0       ->     0   0   0   0   0   0   0   1   1   1   0   0 

  31   62    0   97    0   93 -128 -182 -307 -224  -89   48       ->     0   0   0   0   0   0   0   1   1   1   0   0 

-------------------
Iteration: 17
Chosen: 23
  Row: 3  Column: 6
Running total: 1303

  15   95   24   35   79   35   55   66   91   95   86   87 

  94   15   84   42   88   83   64   50   22   99   13   32 

  85   12   43   39   41   23   35   97   54   98   18   85 

  84   61   77   96   49   38   75   95   16   71   22   14 

  18   72   97   94   43   18   59   78   33   80   68   59 

  26   94   78   87   78   92   59   83   26   88   91   91 

  34   84   53   98   83   49   60   11   55   17   51   75 

  29   80   14   79   15   18   94   39   69   24   93   41 

  66   64   88   82   21   56   16   41   57   74   51   79 

  49   15   59   21   37   27   78   41   38   82   19   62 

  54   91   47   29   38   67   52   92   81   99   11   27 

  31   62   32   97   42   93   43   79   88   44   54   48 


  15    0   24    0   79   35   55   66    0   95    0   87       ->     0   0   0   0   0   0   0   0   0   0   0   0 

  94    0   84    0    0    0  -64    0  -44    0  -26    0       ->     0   0   0   0   0   0   0   0   0   0   0   0 

   0  -89 -130 -134  -55   23    0   97    0   98    0   85       ->     0   0   0   0   0   0   0   0   0   0   0   0 

  84 -113 -210 -215 -202  -82 -155  -75 -191 -110 -207 -113       ->     0   0   1   1   0   0   0   0   0   0   0   0 

-102 -300 -429 -462 -422 -313 -271 -182 -322 -226 -341 -191       ->     0   0   1   1   1   1   1   1   1   1   1   1 

-186 -278 -529 -537 -486 -357 -391 -298 -419 -333 -438 -253       ->     1   1   1   1   1   1   1   1   1   1   1   1 

-279 -324 -561 -389 -433 -450 -385 -474 -302 -480 -469 -292       ->     1   1   1   1   1   1   1   1   1   1   1   1 

-169 -222 -550 -375 -471 -376 -196 -364 -249 -392 -189 -178       ->     1   1   1   1   1   1   1   1   1   1   1   1 

 -43 -206 -247 -252 -314 -250 -378 -391 -351 -289 -263  -55       ->     0   0   1   1   1   1   1   1   1   1   0   0 

  49 -132 -132 -266 -170 -181 -195 -362 -529 -267 -236   62       ->     0   0   1   1   1   1   1   1   1   1   0   0 

   0  -59  -80  -88  -85  -75 -265 -313 -482 -234 -225    0       ->     0   0   0   0   0   0   0   1   1   1   0   0 

  31   62    0   97    0   93 -128 -182 -307 -224  -89   48       ->     0   0   0   0   0   0   0   1   1   1   0   0 

-------------------
Iteration: 18
Chosen: 59
  Row: 10  Column: 3
Running total: 1362

  15   95   24   35   79   35   55   66   91   95   86   87 

  94   15   84   42   88   83   64   50   22   99   13   32 

  85   12   43   39   41   23   35   97   54   98   18   85 

  84   61   77   96   49   38   75   95   16   71   22   14 

  18   72   97   94   43   18   59   78   33   80   68   59 

  26   94   78   87   78   92   59   83   26   88   91   91 

  34   84   53   98   83   49   60   11   55   17   51   75 

  29   80   14   79   15   18   94   39   69   24   93   41 

  66   64   88   82   21   56   16   41   57   74   51   79 

  49   15   59   21   37   27   78   41   38   82   19   62 

  54   91   47   29   38   67   52   92   81   99   11   27 

  31   62   32   97   42   93   43   79   88   44   54   48 


  15    0   24    0   79   35   55   66    0   95    0   87       ->     0   0   0   0   0   0   0   0   0   0   0   0 

  94    0   84    0    0    0  -64    0  -44    0  -26    0       ->     0   0   0   0   0   0   0   0   0   0   0   0 

   0  -89 -130 -134  -55   23    0   97    0   98    0   85       ->     0   0   0   0   0   0   0   0   0   0   0   0 

  84 -113 -210 -215 -202  -82 -155  -75 -191 -110 -207 -113       ->     0   0   1   1   0   0   0   0   0   0   0   0 

-102 -300 -429 -462 -422 -313 -271 -182 -322 -226 -341 -191       ->     0   0   1   1   1   1   1   1   1   1   1   1 

-186 -278 -529 -537 -486 -357 -391 -298 -419 -333 -438 -253       ->     1   1   1   1   1   1   1   1   1   1   1   1 

-279 -324 -561 -389 -433 -450 -385 -474 -302 -480 -469 -292       ->     1   1   1   1   1   1   1   1   1   1   1   1 

-169 -134 -380 -205 -389 -376 -196 -364 -249 -392 -189 -178       ->     1   1   1   1   1   1   1   1   1   1   1   1 

 -43 -123  -85  -84 -211 -250 -378 -391 -351 -289 -263  -55       ->     0   0   0   0   1   1   1   1   1   1   0   0 

  49    0   59  -37  -67 -181 -195 -362 -529 -267 -236   62       ->     0   0   0   0   1   1   1   1   1   1   0   0 

   0  -91  -47  -37  -64  -75 -265 -313 -482 -234 -225    0       ->     0   0   0   0   0   0   0   1   1   1   0   0 

  31   62    0   97    0   93 -128 -182 -307 -224  -89   48       ->     0   0   0   0   0   0   0   1   1   1   0   0 

-------------------
Iteration: 19
Chosen: 37
  Row: 10  Column: 5
Running total: 1399

  15   95   24   35   79   35   55   66   91   95   86   87 

  94   15   84   42   88   83   64   50   22   99   13   32 

  85   12   43   39   41   23   35   97   54   98   18   85 

  84   61   77   96   49   38   75   95   16   71   22   14 

  18   72   97   94   43   18   59   78   33   80   68   59 

  26   94   78   87   78   92   59   83   26   88   91   91 

  34   84   53   98   83   49   60   11   55   17   51   75 

  29   80   14   79   15   18   94   39   69   24   93   41 

  66   64   88   82   21   56   16   41   57   74   51   79 

  49   15   59   21   37   27   78   41   38   82   19   62 

  54   91   47   29   38   67   52   92   81   99   11   27 

  31   62   32   97   42   93   43   79   88   44   54   48 


  15    0   24    0   79   35   55   66    0   95    0   87       ->     0   0   0   0   0   0   0   0   0   0   0   0 

  94    0   84    0    0    0  -64    0  -44    0  -26    0       ->     0   0   0   0   0   0   0   0   0   0   0   0 

   0  -89 -130 -134  -55   23    0   97    0   98    0   85       ->     0   0   0   0   0   0   0   0   0   0   0   0 

  84 -113 -210 -215 -202  -82 -155  -75 -191 -110 -207 -113       ->     0   0   1   1   0   0   0   0   0   0   0   0 

-102 -300 -429 -462 -422 -313 -271 -182 -322 -226 -341 -191       ->     0   0   1   1   1   1   1   1   1   1   1   1 

-186 -278 -529 -537 -486 -357 -391 -298 -419 -333 -438 -253       ->     1   1   1   1   1   1   1   1   1   1   1   1 

-279 -324 -561 -389 -433 -450 -385 -474 -302 -480 -469 -292       ->     1   1   1   1   1   1   1   1   1   1   1   1 

-169 -134 -380 -184 -312 -299 -140 -364 -249 -392 -189 -178       ->     1   1   1   1   1   1   1   1   1   1   1   1 

 -43 -123  -85 -108  -91 -165 -295 -391 -351 -289 -263  -55       ->     0   0   0   0   0   0   1   1   1   1   0   0 

  49    0   59    0   37  -67 -112 -362 -529 -267 -236   62       ->     0   0   0   0   0   0   1   1   1   1   0   0 

   0  -91  -47  -29  -38  -78 -238 -313 -482 -234 -225    0       ->     0   0   0   0   0   0   0   1   1   1   0   0 

  31   62    0   97    0   93 -128 -182 -307 -224  -89   48       ->     0   0   0   0   0   0   0   1   1   1   0   0 

-------------------
Iteration: 20
Chosen: 78
  Row: 10  Column: 7
Running total: 1477

  15   95   24   35   79   35   55   66   91   95   86   87 

  94   15   84   42   88   83   64   50   22   99   13   32 

  85   12   43   39   41   23   35   97   54   98   18   85 

  84   61   77   96   49   38   75   95   16   71   22   14 

  18   72   97   94   43   18   59   78   33   80   68   59 

  26   94   78   87   78   92   59   83   26   88   91   91 

  34   84   53   98   83   49   60   11   55   17   51   75 

  29   80   14   79   15   18   94   39   69   24   93   41 

  66   64   88   82   21   56   16   41   57   74   51   79 

  49   15   59   21   37   27   78   41   38   82   19   62 

  54   91   47   29   38   67   52   92   81   99   11   27 

  31   62   32   97   42   93   43   79   88   44   54   48 


  15    0   24    0   79   35   55   66    0   95    0   87       ->     0   0   0   0   0   0   0   0   0   0   0   0 

  94    0   84    0    0    0  -64    0  -44    0  -26    0       ->     0   0   0   0   0   0   0   0   0   0   0   0 

   0  -89 -130 -134  -55   23    0   97    0   98    0   85       ->     0   0   0   0   0   0   0   0   0   0   0   0 

  84 -113 -210 -215 -202  -82 -155  -75 -191 -110 -207 -113       ->     0   0   1   1   0   0   0   0   0   0   0   0 

-102 -300 -429 -462 -422 -313 -271 -182 -322 -226 -341 -191       ->     0   0   1   1   1   1   1   1   1   1   1   1 

-186 -278 -529 -537 -486 -357 -391 -298 -419 -333 -438 -253       ->     1   1   1   1   1   1   1   1   1   1   1   1 

-279 -324 -561 -389 -433 -450 -385 -474 -302 -480 -469 -292       ->     1   1   1   1   1   1   1   1   1   1   1   1 

-169 -134 -380 -184 -312 -283  -83 -307 -208 -392 -189 -178       ->     1   1   1   1   1   1   1   1   1   1   1   1 

 -43 -123  -85 -108  -91 -127 -135 -256 -269 -289 -263  -55       ->     0   0   0   0   0   0   0   0   1   1   0   0 

  49    0   59    0   37    0   78 -135 -355 -267 -236   62       ->     0   0   0   0   0   0   0   0   1   1   0   0 

   0  -91  -47  -29  -38  -67  -79 -194 -349 -234 -225    0       ->     0   0   0   0   0   0   0   0   1   1   0   0 

  31   62    0   97    0   93  -36  -90 -215 -224  -89   48       ->     0   0   0   0   0   0   0   1   1   1   0   0 

-------------------
Iteration: 21
Chosen: 94
  Row: 8  Column: 7
Running total: 1571

  15   95   24   35   79   35   55   66   91   95   86   87 

  94   15   84   42   88   83   64   50   22   99   13   32 

  85   12   43   39   41   23   35   97   54   98   18   85 

  84   61   77   96   49   38   75   95   16   71   22   14 

  18   72   97   94   43   18   59   78   33   80   68   59 

  26   94   78   87   78   92   59   83   26   88   91   91 

  34   84   53   98   83   49   60   11   55   17   51   75 

  29   80   14   79   15   18   94   39   69   24   93   41 

  66   64   88   82   21   56   16   41   57   74   51   79 

  49   15   59   21   37   27   78   41   38   82   19   62 

  54   91   47   29   38   67   52   92   81   99   11   27 

  31   62   32   97   42   93   43   79   88   44   54   48 


  15    0   24    0   79   35   55   66    0   95    0   87       ->     0   0   0   0   0   0   0   0   0   0   0   0 

  94    0   84    0    0    0  -64    0  -44    0  -26    0       ->     0   0   0   0   0   0   0   0   0   0   0   0 

   0  -89 -130 -134  -55   23    0   97    0   98    0   85       ->     0   0   0   0   0   0   0   0   0   0   0   0 

  84 -113 -210 -215 -202  -82 -155  -75 -191 -110 -207 -113       ->     0   0   1   1   0   0   0   0   0   0   0   0 

-102 -300 -429 -462 -422 -313 -271 -182 -322 -226 -341 -191       ->     0   0   1   1   1   1   1   1   1   1   1   1 

-186 -278 -529 -537 -437 -248 -271 -227 -408 -333 -438 -253       ->     1   1   1   1   1   1   1   1   1   1   1   1 

-279 -324 -561 -389 -366 -278 -174 -281 -252 -480 -469 -292       ->     1   1   1   1   1   0   0   0   1   1   1   1 

-169 -134 -380 -184 -245  -80   94 -142 -158 -392 -189 -178       ->     1   1   1   1   1   0   0   0   1   1   1   1 

 -43 -123  -85 -108  -73  -71    0 -164 -230 -289 -263  -55       ->     0   0   0   0   0   0   0   0   1   1   0   0 

  49    0   59    0   37    0   78 -135 -355 -267 -236   62       ->     0   0   0   0   0   0   0   0   1   1   0   0 

   0  -91  -47  -29  -38  -67  -79 -194 -349 -234 -225    0       ->     0   0   0   0   0   0   0   0   1   1   0   0 

  31   62    0   97    0   93  -36  -90 -215 -224  -89   48       ->     0   0   0   0   0   0   0   1   1   1   0   0 

-------------------
Iteration: 22
Chosen: 79
  Row: 12  Column: 8
Running total: 1650

  15   95   24   35   79   35   55   66   91   95   86   87 

  94   15   84   42   88   83   64   50   22   99   13   32 

  85   12   43   39   41   23   35   97   54   98   18   85 

  84   61   77   96   49   38   75   95   16   71   22   14 

  18   72   97   94   43   18   59   78   33   80   68   59 

  26   94   78   87   78   92   59   83   26   88   91   91 

  34   84   53   98   83   49   60   11   55   17   51   75 

  29   80   14   79   15   18   94   39   69   24   93   41 

  66   64   88   82   21   56   16   41   57   74   51   79 

  49   15   59   21   37   27   78   41   38   82   19   62 

  54   91   47   29   38   67   52   92   81   99   11   27 

  31   62   32   97   42   93   43   79   88   44   54   48 


  15    0   24    0   79   35   55   66    0   95    0   87       ->     0   0   0   0   0   0   0   0   0   0   0   0 

  94    0   84    0    0    0  -64    0  -44    0  -26    0       ->     0   0   0   0   0   0   0   0   0   0   0   0 

   0  -89 -130 -134  -55   23    0   97    0   98    0   85       ->     0   0   0   0   0   0   0   0   0   0   0   0 

  84 -113 -210 -215 -202  -82 -155  -75 -191 -110 -207 -113       ->     0   0   1   1   0   0   0   0   0   0   0   0 

-102 -300 -429 -462 -422 -313 -271 -182 -322 -226 -341 -191       ->     0   0   1   1   1   1   1   1   1   1   1   1 

-186 -278 -529 -537 -437 -248 -271 -227 -408 -333 -438 -253       ->     1   1   1   1   1   1   1   1   1   1   1   1 

-279 -324 -561 -389 -366 -278 -174 -281 -252 -480 -469 -292       ->     1   1   1   1   1   0   0   0   1   1   1   1 

-169 -134 -380 -184 -245  -80   94 -142 -158 -392 -189 -178       ->     1   1   1   1   1   0   0   0   1   1   1   1 

 -43 -123  -85 -108  -73  -71    0 -164 -230 -289 -263  -55       ->     0   0   0   0   0   0   0   0   1   1   0   0 

  49    0   59    0   37    0   78  -54 -274 -186 -236   62       ->     0   0   0   0   0   0   0   0   1   1   0   0 

   0  -91  -47  -29  -38  -67  -52  -38 -182  -65 -225    0       ->     0   0   0   0   0   0   0   0   0   1   0   0 

  31   62    0   97    0   93    0   79  -55  -55  -89   48       ->     0   0   0   0   0   0   0   0   0   1   0   0 

-------------------
Iteration: 23
Chosen: 44
  Row: 12  Column: 10
Running total: 1694

  15   95   24   35   79   35   55   66   91   95   86   87 

  94   15   84   42   88   83   64   50   22   99   13   32 

  85   12   43   39   41   23   35   97   54   98   18   85 

  84   61   77   96   49   38   75   95   16   71   22   14 

  18   72   97   94   43   18   59   78   33   80   68   59 

  26   94   78   87   78   92   59   83   26   88   91   91 

  34   84   53   98   83   49   60   11   55   17   51   75 

  29   80   14   79   15   18   94   39   69   24   93   41 

  66   64   88   82   21   56   16   41   57   74   51   79 

  49   15   59   21   37   27   78   41   38   82   19   62 

  54   91   47   29   38   67   52   92   81   99   11   27 

  31   62   32   97   42   93   43   79   88   44   54   48 


  15    0   24    0   79   35   55   66    0   95    0   87       ->     0   0   0   0   0   0   0   0   0   0   0   0 

  94    0   84    0    0    0  -64    0  -44    0  -26    0       ->     0   0   0   0   0   0   0   0   0   0   0   0 

   0  -89 -130 -134  -55   23    0   97    0   98    0   85       ->     0   0   0   0   0   0   0   0   0   0   0   0 

  84 -113 -210 -215 -202  -82 -155  -75 -191 -110 -207 -113       ->     0   0   1   1   0   0   0   0   0   0   0   0 

-102 -300 -429 -462 -422 -313 -271 -182 -322 -226 -341 -191       ->     0   0   1   1   1   1   1   1   1   1   1   1 

-186 -278 -529 -537 -437 -248 -271 -227 -408 -333 -438 -253       ->     1   1   1   1   1   1   1   1   1   1   1   1 

-279 -324 -561 -389 -366 -278 -174 -281 -252 -480 -469 -292       ->     1   1   1   1   1   0   0   0   1   1   1   1 

-169 -134 -380 -184 -245  -80   94 -142 -158 -392 -189 -178       ->     1   1   1   1   1   0   0   0   1   1   1   1 

 -43 -123  -85 -108  -73  -71    0 -164 -230 -289 -263  -55       ->     0   0   0   0   0   0   0   0   1   1   0   0 

  49    0   59    0   37    0   78  -54 -175  -87 -137   62       ->     0   0   0   0   0   0   0   0   1   1   0   0 

   0  -91  -47  -29  -38  -67  -52  -38 -120  -21  -93    0       ->     0   0   0   0   0   0   0   0   0   0   0   0 

  31   62    0   97    0   93    0   79    0   44    0   48       ->     0   0   0   0   0   0   0   0   0   0   0   0 

-------------------
Iteration: 24
Chosen: 82
  Row: 10  Column: 10
Running total: 1776

  15   95   24   35   79   35   55   66   91   95   86   87 

  94   15   84   42   88   83   64   50   22   99   13   32 

  85   12   43   39   41   23   35   97   54   98   18   85 

  84   61   77   96   49   38   75   95   16   71   22   14 

  18   72   97   94   43   18   59   78   33   80   68   59 

  26   94   78   87   78   92   59   83   26   88   91   91 

  34   84   53   98   83   49   60   11   55   17   51   75 

  29   80   14   79   15   18   94   39   69   24   93   41 

  66   64   88   82   21   56   16   41   57   74   51   79 

  49   15   59   21   37   27   78   41   38   82   19   62 

  54   91   47   29   38   67   52   92   81   99   11   27 

  31   62   32   97   42   93   43   79   88   44   54   48 


  15    0   24    0   79   35   55   66    0   95    0   87       ->     0   0   0   0   0   0   0   0   0   0   0   0 

  94    0   84    0    0    0  -64    0  -44    0  -26    0       ->     0   0   0   0   0   0   0   0   0   0   0   0 

   0  -89 -130 -134  -55   23    0   97    0   98    0   85       ->     0   0   0   0   0   0   0   0   0   0   0   0 

  84 -113 -210 -215 -202  -82 -155  -75 -191 -110 -207 -113       ->     0   0   1   1   0   0   0   0   0   0   0   0 

-102 -300 -429 -462 -422 -313 -271 -182 -322 -226 -341 -191       ->     0   0   1   1   1   1   1   1   1   1   1   1 

-186 -278 -529 -537 -437 -248 -271 -227 -408 -333 -438 -253       ->     1   1   1   1   1   1   1   1   1   1   1   1 

-279 -324 -561 -389 -366 -278 -174 -281 -252 -480 -469 -292       ->     1   1   1   1   1   0   0   0   1   1   1   1 

-169 -134 -380 -184 -245  -80   94  -85  -27 -261 -115 -178       ->     1   1   1   1   1   0   0   0   1   1   1   1 

 -43 -123  -85 -108  -73  -71    0  -69  -36 -112 -158  -55       ->     0   0   0   0   0   0   0   0   0   0   0   0 

  49    0   59    0   37    0   78   41   38   82    0   62       ->     0   0   0   0   0   0   0   0   0   0   0   0 

   0  -91  -47  -29  -38  -67  -52    0  -81    0  -22    0       ->     0   0   0   0   0   0   0   0   0   0   0   0 

  31   62    0   97    0   93    0   79    0   44    0   48       ->     0   0   0   0   0   0   0   0   0   0   0   0 

-------------------
Iteration: 25
Chosen: 69
  Row: 8  Column: 9
Running total: 1845

  15   95   24   35   79   35   55   66   91   95   86   87 

  94   15   84   42   88   83   64   50   22   99   13   32 

  85   12   43   39   41   23   35   97   54   98   18   85 

  84   61   77   96   49   38   75   95   16   71   22   14 

  18   72   97   94   43   18   59   78   33   80   68   59 

  26   94   78   87   78   92   59   83   26   88   91   91 

  34   84   53   98   83   49   60   11   55   17   51   75 

  29   80   14   79   15   18   94   39   69   24   93   41 

  66   64   88   82   21   56   16   41   57   74   51   79 

  49   15   59   21   37   27   78   41   38   82   19   62 

  54   91   47   29   38   67   52   92   81   99   11   27 

  31   62   32   97   42   93   43   79   88   44   54   48 


  15    0   24    0   79   35   55   66    0   95    0   87       ->     0   0   0   0   0   0   0   0   0   0   0   0 

  94    0   84    0    0    0  -64    0  -44    0  -26    0       ->     0   0   0   0   0   0   0   0   0   0   0   0 

   0  -89 -130 -134  -55   23    0   97    0   98    0   85       ->     0   0   0   0   0   0   0   0   0   0   0   0 

  84 -113 -210 -215 -202  -82 -155  -75 -191 -110 -207 -113       ->     0   0   1   1   0   0   0   0   0   0   0   0 

-102 -300 -429 -462 -422 -313 -271 -182 -322 -226 -341 -191       ->     0   0   1   1   1   1   1   1   1   1   1   1 

-186 -278 -529 -537 -437 -248 -271 -172 -336 -261 -421 -253       ->     1   1   1   1   1   1   1   1   1   1   1   1 

-279 -324 -561 -389 -366 -278 -174 -168 -142 -332 -428 -292       ->     1   1   1   1   1   0   0   0   0   0   1   1 

-169 -134 -380 -184 -245  -80   94    0   69 -120  -74 -178       ->     1   1   1   1   1   0   0   0   0   0   1   1 

 -43 -123  -85 -108  -73  -71    0  -41    0  -93 -134  -55       ->     0   0   0   0   0   0   0   0   0   0   0   0 

  49    0   59    0   37    0   78   41   38   82    0   62       ->     0   0   0   0   0   0   0   0   0   0   0   0 

   0  -91  -47  -29  -38  -67  -52    0  -81    0  -22    0       ->     0   0   0   0   0   0   0   0   0   0   0   0 

  31   62    0   97    0   93    0   79    0   44    0   48       ->     0   0   0   0   0   0   0   0   0   0   0   0 

-------------------
Iteration: 26
Chosen: 93
  Row: 8  Column: 11
Running total: 1938

  15   95   24   35   79   35   55   66   91   95   86   87 

  94   15   84   42   88   83   64   50   22   99   13   32 

  85   12   43   39   41   23   35   97   54   98   18   85 

  84   61   77   96   49   38   75   95   16   71   22   14 

  18   72   97   94   43   18   59   78   33   80   68   59 

  26   94   78   87   78   92   59   83   26   88   91   91 

  34   84   53   98   83   49   60   11   55   17   51   75 

  29   80   14   79   15   18   94   39   69   24   93   41 

  66   64   88   82   21   56   16   41   57   74   51   79 

  49   15   59   21   37   27   78   41   38   82   19   62 

  54   91   47   29   38   67   52   92   81   99   11   27 

  31   62   32   97   42   93   43   79   88   44   54   48 


  15    0   24    0   79   35   55   66    0   95    0   87       ->     0   0   0   0   0   0   0   0   0   0   0   0 

  94    0   84    0    0    0  -64    0  -44    0  -26    0       ->     0   0   0   0   0   0   0   0   0   0   0   0 

   0  -89 -130 -134  -55   23    0   97    0   98    0   85       ->     0   0   0   0   0   0   0   0   0   0   0   0 

  84 -113 -210 -215 -202  -82 -155  -75 -191 -110 -207 -113       ->     0   0   1   1   0   0   0   0   0   0   0   0 

-102 -300 -429 -462 -422 -313 -271 -182 -322 -226 -341 -191       ->     0   0   1   1   1   1   1   1   1   1   1   1 

-186 -278 -529 -537 -437 -248 -271 -172 -336 -210 -295 -127       ->     1   1   1   1   1   1   1   1   1   1   1   1 

-279 -324 -561 -389 -366 -278 -174 -168 -142 -205 -219 -107       ->     1   1   1   1   1   0   0   0   0   0   0   0 

-169 -134 -380 -184 -245  -80   94    0   69    0   93   41       ->     1   1   1   1   1   0   0   0   0   0   0   0 

 -43 -123  -85 -108  -73  -71    0  -41    0  -74  -51    0       ->     0   0   0   0   0   0   0   0   0   0   0   0 

  49    0   59    0   37    0   78   41   38   82    0   62       ->     0   0   0   0   0   0   0   0   0   0   0   0 

   0  -91  -47  -29  -38  -67  -52    0  -81    0  -22    0       ->     0   0   0   0   0   0   0   0   0   0   0   0 

  31   62    0   97    0   93    0   79    0   44    0   48       ->     0   0   0   0   0   0   0   0   0   0   0   0 

-------------------
Iteration: 27
Chosen: 91
  Row: 6  Column: 12
Running total: 2029

  15   95   24   35   79   35   55   66   91   95   86   87 

  94   15   84   42   88   83   64   50   22   99   13   32 

  85   12   43   39   41   23   35   97   54   98   18   85 

  84   61   77   96   49   38   75   95   16   71   22   14 

  18   72   97   94   43   18   59   78   33   80   68   59 

  26   94   78   87   78   92   59   83   26   88   91   91 

  34   84   53   98   83   49   60   11   55   17   51   75 

  29   80   14   79   15   18   94   39   69   24   93   41 

  66   64   88   82   21   56   16   41   57   74   51   79 

  49   15   59   21   37   27   78   41   38   82   19   62 

  54   91   47   29   38   67   52   92   81   99   11   27 

  31   62   32   97   42   93   43   79   88   44   54   48 


  15    0   24    0   79   35   55   66    0   95    0   87       ->     0   0   0   0   0   0   0   0   0   0   0   0 

  94    0   84    0    0    0  -64    0  -44    0  -26    0       ->     0   0   0   0   0   0   0   0   0   0   0   0 

   0  -89 -130 -134  -55   23    0   97    0   98    0   85       ->     0   0   0   0   0   0   0   0   0   0   0   0 

  84 -113 -210 -215 -202  -82 -155  -75 -191  -42  -80   14       ->     0   0   1   1   0   0   0   0   0   0   0   0 

-102 -300 -429 -462 -422 -313 -271 -182 -322  -67 -100   59       ->     0   0   1   1   1   1   1   1   1   1   0   0 

-186 -278 -529 -537 -437 -248 -271 -172 -336  -51  -77   91       ->     1   1   1   1   1   1   1   1   1   1   0   0 

-279 -324 -561 -389 -366 -278 -174 -168 -142 -114  -88    0       ->     1   1   1   1   1   0   0   0   0   0   0   0 

-169 -134 -380 -184 -245  -80   94    0   69    0   93   41       ->     1   1   1   1   1   0   0   0   0   0   0   0 

 -43 -123  -85 -108  -73  -71    0  -41    0  -74  -51    0       ->     0   0   0   0   0   0   0   0   0   0   0   0 

  49    0   59    0   37    0   78   41   38   82    0   62       ->     0   0   0   0   0   0   0   0   0   0   0   0 

   0  -91  -47  -29  -38  -67  -52    0  -81    0  -22    0       ->     0   0   0   0   0   0   0   0   0   0   0   0 

  31   62    0   97    0   93    0   79    0   44    0   48       ->     0   0   0   0   0   0   0   0   0   0   0   0 

-------------------
Iteration: 28
Chosen: 88
  Row: 6  Column: 10
Running total: 2117

  15   95   24   35   79   35   55   66   91   95   86   87 

  94   15   84   42   88   83   64   50   22   99   13   32 

  85   12   43   39   41   23   35   97   54   98   18   85 

  84   61   77   96   49   38   75   95   16   71   22   14 

  18   72   97   94   43   18   59   78   33   80   68   59 

  26   94   78   87   78   92   59   83   26   88   91   91 

  34   84   53   98   83   49   60   11   55   17   51   75 

  29   80   14   79   15   18   94   39   69   24   93   41 

  66   64   88   82   21   56   16   41   57   74   51   79 

  49   15   59   21   37   27   78   41   38   82   19   62 

  54   91   47   29   38   67   52   92   81   99   11   27 

  31   62   32   97   42   93   43   79   88   44   54   48 


  15    0   24    0   79   35   55   66    0   95    0   87       ->     0   0   0   0   0   0   0   0   0   0   0   0 

  94    0   84    0    0    0  -64    0  -44    0  -26    0       ->     0   0   0   0   0   0   0   0   0   0   0   0 

   0  -89 -130 -134  -55   23    0   97    0   98    0   85       ->     0   0   0   0   0   0   0   0   0   0   0   0 

  84 -113 -210 -215 -202  -82 -155  -42  -78   71    0   14       ->     0   0   1   1   0   0   0   0   0   0   0   0 

-102 -300 -429 -462 -422 -313 -271 -123 -128   80    0   59       ->     0   0   1   1   1   1   1   1   0   0   0   0 

-186 -278 -529 -537 -437 -248 -271 -113 -135   88    0   91       ->     1   1   1   1   1   1   1   1   0   0   0   0 

-279 -324 -561 -389 -366 -278 -174 -142  -83  -17  -51    0       ->     1   1   1   1   1   0   0   0   0   0   0   0 

-169 -134 -380 -184 -245  -80   94    0   69    0   93   41       ->     1   1   1   1   1   0   0   0   0   0   0   0 

 -43 -123  -85 -108  -73  -71    0  -41    0  -74  -51    0       ->     0   0   0   0   0   0   0   0   0   0   0   0 

  49    0   59    0   37    0   78   41   38   82    0   62       ->     0   0   0   0   0   0   0   0   0   0   0   0 

   0  -91  -47  -29  -38  -67  -52    0  -81    0  -22    0       ->     0   0   0   0   0   0   0   0   0   0   0   0 

  31   62    0   97    0   93    0   79    0   44    0   48       ->     0   0   0   0   0   0   0   0   0   0   0   0 

-------------------
Iteration: 29
Chosen: 83
  Row: 6  Column: 8
Running total: 2200

  15   95   24   35   79   35   55   66   91   95   86   87 

  94   15   84   42   88   83   64   50   22   99   13   32 

  85   12   43   39   41   23   35   97   54   98   18   85 

  84   61   77   96   49   38   75   95   16   71   22   14 

  18   72   97   94   43   18   59   78   33   80   68   59 

  26   94   78   87   78   92   59   83   26   88   91   91 

  34   84   53   98   83   49   60   11   55   17   51   75 

  29   80   14   79   15   18   94   39   69   24   93   41 

  66   64   88   82   21   56   16   41   57   74   51   79 

  49   15   59   21   37   27   78   41   38   82   19   62 

  54   91   47   29   38   67   52   92   81   99   11   27 

  31   62   32   97   42   93   43   79   88   44   54   48 


  15    0   24    0   79   35   55   66    0   95    0   87       ->     0   0   0   0   0   0   0   0   0   0   0   0 

  94    0   84    0    0    0  -64    0  -44    0  -26    0       ->     0   0   0   0   0   0   0   0   0   0   0   0 

   0  -89 -130 -134  -55   23    0   97    0   98    0   85       ->     0   0   0   0   0   0   0   0   0   0   0   0 

  84 -113 -210 -215 -202  -23  -18   95    0   71    0   14       ->     0   0   1   1   0   0   0   0   0   0   0   0 

-102 -300 -429 -462 -422 -195  -51   78    0   80    0   59       ->     0   0   1   1   1   1   0   0   0   0   0   0 

-186 -278 -529 -537 -437 -130  -51   83    0   88    0   91       ->     1   1   1   1   1   1   0   0   0   0   0   0 

-279 -324 -561 -389 -366 -219  -92  -11  -55  -17  -51    0       ->     1   1   1   1   1   0   0   0   0   0   0   0 

-169 -134 -380 -184 -245  -80   94    0   69    0   93   41       ->     1   1   1   1   1   0   0   0   0   0   0   0 

 -43 -123  -85 -108  -73  -71    0  -41    0  -74  -51    0       ->     0   0   0   0   0   0   0   0   0   0   0   0 

  49    0   59    0   37    0   78   41   38   82    0   62       ->     0   0   0   0   0   0   0   0   0   0   0   0 

   0  -91  -47  -29  -38  -67  -52    0  -81    0  -22    0       ->     0   0   0   0   0   0   0   0   0   0   0   0 

  31   62    0   97    0   93    0   79    0   44    0   48       ->     0   0   0   0   0   0   0   0   0   0   0   0 

-------------------
Iteration: 30
Chosen: 92
  Row: 6  Column: 6
Running total: 2292

  15   95   24   35   79   35   55   66   91   95   86   87 

  94   15   84   42   88   83   64   50   22   99   13   32 

  85   12   43   39   41   23   35   97   54   98   18   85 

  84   61   77   96   49   38   75   95   16   71   22   14 

  18   72   97   94   43   18   59   78   33   80   68   59 

  26   94   78   87   78   92   59   83   26   88   91   91 

  34   84   53   98   83   49   60   11   55   17   51   75 

  29   80   14   79   15   18   94   39   69   24   93   41 

  66   64   88   82   21   56   16   41   57   74   51   79 

  49   15   59   21   37   27   78   41   38   82   19   62 

  54   91   47   29   38   67   52   92   81   99   11   27 

  31   62   32   97   42   93   43   79   88   44   54   48 


  15    0   24    0   79   35   55   66    0   95    0   87       ->     0   0   0   0   0   0   0   0   0   0   0   0 

  94    0   84    0    0    0  -64    0  -44    0  -26    0       ->     0   0   0   0   0   0   0   0   0   0   0   0 

   0  -89 -130 -134  -55   23    0   97    0   98    0   85       ->     0   0   0   0   0   0   0   0   0   0   0   0 

  84 -113 -210 -172 -141   38    0   95    0   71    0   14       ->     0   0   1   1   0   0   0   0   0   0   0   0 

-102 -300 -429 -341 -234   18    0   78    0   80    0   59       ->     0   0   1   1   0   0   0   0   0   0   0   0 

-186 -278 -529 -333 -201   92    0   83    0   88    0   91       ->     1   1   1   1   0   0   0   0   0   0   0   0 

-279 -324 -561 -228 -196  -15  -60  -11  -55  -17  -51    0       ->     1   1   1   1   0   0   0   0   0   0   0   0 

-169 -134 -380 -101 -162    3   94    0   69    0   93   41       ->     1   1   1   1   1   0   0   0   0   0   0   0 

 -43 -123  -85 -108  -73  -71    0  -41    0  -74  -51    0       ->     0   0   0   0   0   0   0   0   0   0   0   0 

  49    0   59    0   37    0   78   41   38   82    0   62       ->     0   0   0   0   0   0   0   0   0   0   0   0 

   0  -91  -47  -29  -38  -67  -52    0  -81    0  -22    0       ->     0   0   0   0   0   0   0   0   0   0   0   0 

  31   62    0   97    0   93    0   79    0   44    0   48       ->     0   0   0   0   0   0   0   0   0   0   0   0 

-------------------
Iteration: 31
Chosen: 79
  Row: 8  Column: 4
Running total: 2371

  15   95   24   35   79   35   55   66   91   95   86   87 

  94   15   84   42   88   83   64   50   22   99   13   32 

  85   12   43   39   41   23   35   97   54   98   18   85 

  84   61   77   96   49   38   75   95   16   71   22   14 

  18   72   97   94   43   18   59   78   33   80   68   59 

  26   94   78   87   78   92   59   83   26   88   91   91 

  34   84   53   98   83   49   60   11   55   17   51   75 

  29   80   14   79   15   18   94   39   69   24   93   41 

  66   64   88   82   21   56   16   41   57   74   51   79 

  49   15   59   21   37   27   78   41   38   82   19   62 

  54   91   47   29   38   67   52   92   81   99   11   27 

  31   62   32   97   42   93   43   79   88   44   54   48 


  15    0   24    0   79   35   55   66    0   95    0   87       ->     0   0   0   0   0   0   0   0   0   0   0   0 

  94    0   84    0    0    0  -64    0  -44    0  -26    0       ->     0   0   0   0   0   0   0   0   0   0   0   0 

   0  -89 -130 -134  -55   23    0   97    0   98    0   85       ->     0   0   0   0   0   0   0   0   0   0   0   0 

  84 -113 -210 -172 -141   38    0   95    0   71    0   14       ->     0   0   1   1   0   0   0   0   0   0   0   0 

-102 -300 -429 -341 -234   18    0   78    0   80    0   59       ->     0   0   1   1   0   0   0   0   0   0   0   0 

-186 -225 -378 -182 -103   92    0   83    0   88    0   91       ->     1   1   1   1   0   0   0   0   0   0   0   0 

-279 -257 -370  -67  -87    0  -60  -11  -55  -17  -51    0       ->     1   1   0   0   0   0   0   0   0   0   0   0 

-169  -67 -150   79   15   18   94    0   69    0   93   41       ->     1   1   0   0   0   0   0   0   0   0   0   0 

 -43 -109  -80  -82    0  -56    0  -41    0  -74  -51    0       ->     0   0   0   0   0   0   0   0   0   0   0   0 

  49    0   59    0   37    0   78   41   38   82    0   62       ->     0   0   0   0   0   0   0   0   0   0   0   0 

   0  -91  -47  -29  -38  -67  -52    0  -81    0  -22    0       ->     0   0   0   0   0   0   0   0   0   0   0   0 

  31   62    0   97    0   93    0   79    0   44    0   48       ->     0   0   0   0   0   0   0   0   0   0   0   0 

-------------------
Iteration: 32
Chosen: 80
  Row: 8  Column: 2
Running total: 2451

  15   95   24   35   79   35   55   66   91   95   86   87 

  94   15   84   42   88   83   64   50   22   99   13   32 

  85   12   43   39   41   23   35   97   54   98   18   85 

  84   61   77   96   49   38   75   95   16   71   22   14 

  18   72   97   94   43   18   59   78   33   80   68   59 

  26   94   78   87   78   92   59   83   26   88   91   91 

  34   84   53   98   83   49   60   11   55   17   51   75 

  29   80   14   79   15   18   94   39   69   24   93   41 

  66   64   88   82   21   56   16   41   57   74   51   79 

  49   15   59   21   37   27   78   41   38   82   19   62 

  54   91   47   29   38   67   52   92   81   99   11   27 

  31   62   32   97   42   93   43   79   88   44   54   48 


  15    0   24    0   79   35   55   66    0   95    0   87       ->     0   0   0   0   0   0   0   0   0   0   0   0 

  94    0   84    0    0    0  -64    0  -44    0  -26    0       ->     0   0   0   0   0   0   0   0   0   0   0   0 

   0  -89 -130 -134  -55   23    0   97    0   98    0   85       ->     0   0   0   0   0   0   0   0   0   0   0   0 

  84 -113 -210 -172 -141   38    0   95    0   71    0   14       ->     0   0   1   1   0   0   0   0   0   0   0   0 

-102 -300 -429 -341 -234   18    0   78    0   80    0   59       ->     0   0   1   1   0   0   0   0   0   0   0   0 

 -68 -107 -294 -182 -103   92    0   83    0   88    0   91       ->     1   1   1   1   0   0   0   0   0   0   0   0 

 -86 -114 -259  -67  -87    0  -60  -11  -55  -17  -51    0       ->     0   0   0   0   0   0   0   0   0   0   0   0 

  29   80    0   79   15   18   94    0   69    0   93   41       ->     0   0   0   0   0   0   0   0   0   0   0   0 

   0  -64  -88  -82    0  -56    0  -41    0  -74  -51    0       ->     0   0   0   0   0   0   0   0   0   0   0   0 

  49    0   59    0   37    0   78   41   38   82    0   62       ->     0   0   0   0   0   0   0   0   0   0   0   0 

   0  -91  -47  -29  -38  -67  -52    0  -81    0  -22    0       ->     0   0   0   0   0   0   0   0   0   0   0   0 

  31   62    0   97    0   93    0   79    0   44    0   48       ->     0   0   0   0   0   0   0   0   0   0   0   0 

-------------------
Iteration: 33
Chosen: 26
  Row: 6  Column: 1
Running total: 2477

  15   95   24   35   79   35   55   66   91   95   86   87 

  94   15   84   42   88   83   64   50   22   99   13   32 

  85   12   43   39   41   23   35   97   54   98   18   85 

  84   61   77   96   49   38   75   95   16   71   22   14 

  18   72   97   94   43   18   59   78   33   80   68   59 

  26   94   78   87   78   92   59   83   26   88   91   91 

  34   84   53   98   83   49   60   11   55   17   51   75 

  29   80   14   79   15   18   94   39   69   24   93   41 

  66   64   88   82   21   56   16   41   57   74   51   79 

  49   15   59   21   37   27   78   41   38   82   19   62 

  54   91   47   29   38   67   52   92   81   99   11   27 

  31   62   32   97   42   93   43   79   88   44   54   48 


  15    0   24    0   79   35   55   66    0   95    0   87       ->     0   0   0   0   0   0   0   0   0   0   0   0 

  94    0   84    0    0    0  -64    0  -44    0  -26    0       ->     0   0   0   0   0   0   0   0   0   0   0   0 

   0  -89 -130 -134  -55   23    0   97    0   98    0   85       ->     0   0   0   0   0   0   0   0   0   0   0   0 

  84 -113 -210 -172 -141   38    0   95    0   71    0   14       ->     0   0   1   1   0   0   0   0   0   0   0   0 

   0 -252 -335 -341 -234   18    0   78    0   80    0   59       ->     0   0   1   1   0   0   0   0   0   0   0   0 

  26  -81 -200 -182 -103   92    0   83    0   88    0   91       ->     0   0   1   1   0   0   0   0   0   0   0   0 

   0  -78 -165  -67  -87    0  -60  -11  -55  -17  -51    0       ->     0   0   0   0   0   0   0   0   0   0   0   0 

  29   80    0   79   15   18   94    0   69    0   93   41       ->     0   0   0   0   0   0   0   0   0   0   0   0 

   0  -64  -88  -82    0  -56    0  -41    0  -74  -51    0       ->     0   0   0   0   0   0   0   0   0   0   0   0 

  49    0   59    0   37    0   78   41   38   82    0   62       ->     0   0   0   0   0   0   0   0   0   0   0   0 

   0  -91  -47  -29  -38  -67  -52    0  -81    0  -22    0       ->     0   0   0   0   0   0   0   0   0   0   0   0 

  31   62    0   97    0   93    0   79    0   44    0   48       ->     0   0   0   0   0   0   0   0   0   0   0   0 

-------------------
Iteration: 34
Chosen: 96
  Row: 4  Column: 4
Running total: 2573

  15   95   24   35   79   35   55   66   91   95   86   87 

  94   15   84   42   88   83   64   50   22   99   13   32 

  85   12   43   39   41   23   35   97   54   98   18   85 

  84   61   77   96   49   38   75   95   16   71   22   14 

  18   72   97   94   43   18   59   78   33   80   68   59 

  26   94   78   87   78   92   59   83   26   88   91   91 

  34   84   53   98   83   49   60   11   55   17   51   75 

  29   80   14   79   15   18   94   39   69   24   93   41 

  66   64   88   82   21   56   16   41   57   74   51   79 

  49   15   59   21   37   27   78   41   38   82   19   62 

  54   91   47   29   38   67   52   92   81   99   11   27 

  31   62   32   97   42   93   43   79   88   44   54   48 


  15    0   24    0   79   35   55   66    0   95    0   87       ->     0   0   0   0   0   0   0   0   0   0   0   0 

  94    0   84    0    0    0  -64    0  -44    0  -26    0       ->     0   0   0   0   0   0   0   0   0   0   0   0 

   0  -12    0    0    0   23    0   97    0   98    0   85       ->     0   0   0   0   0   0   0   0   0   0   0   0 

  84   61   77   96    0   38    0   95    0   71    0   14       ->     0   0   0   0   0   0   0   0   0   0   0   0 

   0  -78  -68  -71  -87   18    0   78    0   80    0   59       ->     0   0   0   0   0   0   0   0   0   0   0   0 

  26   16   -9    9   -9   92    0   83    0   88    0   91       ->     0   0   1   1   0   0   0   0   0   0   0   0 

   0  -78 -165  -67  -87    0  -60  -11  -55  -17  -51    0       ->     0   0   0   0   0   0   0   0   0   0   0   0 

  29   80    0   79   15   18   94    0   69    0   93   41       ->     0   0   0   0   0   0   0   0   0   0   0   0 

   0  -64  -88  -82    0  -56    0  -41    0  -74  -51    0       ->     0   0   0   0   0   0   0   0   0   0   0   0 

  49    0   59    0   37    0   78   41   38   82    0   62       ->     0   0   0   0   0   0   0   0   0   0   0   0 

   0  -91  -47  -29  -38  -67  -52    0  -81    0  -22    0       ->     0   0   0   0   0   0   0   0   0   0   0   0 

  31   62    0   97    0   93    0   79    0   44    0   48       ->     0   0   0   0   0   0   0   0   0   0   0   0 

-------------------
Iteration: 35
Chosen: 87
  Row: 6  Column: 4
Running total: 2660

  15   95   24   35   79   35   55   66   91   95   86   87 

  94   15   84   42   88   83   64   50   22   99   13   32 

  85   12   43   39   41   23   35   97   54   98   18   85 

  84   61   77   96   49   38   75   95   16   71   22   14 

  18   72   97   94   43   18   59   78   33   80   68   59 

  26   94   78   87   78   92   59   83   26   88   91   91 

  34   84   53   98   83   49   60   11   55   17   51   75 

  29   80   14   79   15   18   94   39   69   24   93   41 

  66   64   88   82   21   56   16   41   57   74   51   79 

  49   15   59   21   37   27   78   41   38   82   19   62 

  54   91   47   29   38   67   52   92   81   99   11   27 

  31   62   32   97   42   93   43   79   88   44   54   48 


  15    0   24    0   79   35   55   66    0   95    0   87       ->     0   0   0   0   0   0   0   0   0   0   0   0 

  94    0   84    0    0    0  -64    0  -44    0  -26    0       ->     0   0   0   0   0   0   0   0   0   0   0   0 

   0  -12    0    0    0   23    0   97    0   98    0   85       ->     0   0   0   0   0   0   0   0   0   0   0   0 

  84   61   77   96    0   38    0   95    0   71    0   14       ->     0   0   0   0   0   0   0   0   0   0   0   0 

   0    0    0    0  -43   18    0   78    0   80    0   59       ->     0   0   0   0   0   0   0   0   0   0   0   0 

  26   94   78   87    0   92    0   83    0   88    0   91       ->     0   0   0   0   0   0   0   0   0   0   0   0 

   0    0  -53    0  -83    0  -60  -11  -55  -17  -51    0       ->     0   0   0   0   0   0   0   0   0   0   0   0 

  29   80    0   79   15   18   94    0   69    0   93   41       ->     0   0   0   0   0   0   0   0   0   0   0   0 

   0  -64  -88  -82    0  -56    0  -41    0  -74  -51    0       ->     0   0   0   0   0   0   0   0   0   0   0   0 

  49    0   59    0   37    0   78   41   38   82    0   62       ->     0   0   0   0   0   0   0   0   0   0   0   0 

   0  -91  -47  -29  -38  -67  -52    0  -81    0  -22    0       ->     0   0   0   0   0   0   0   0   0   0   0   0 

  31   62    0   97    0   93    0   79    0   44    0   48       ->     0   0   0   0   0   0   0   0   0   0   0   0 

